1400
9888
7251
1790
7305
258
1245
9591
949
3376
44
4797
3395
2130
7207
1357
664
6628
6091
471
6702
6051
7252
6163
4215
1624
3375
6654
6541
84
4922
3357
5603
4789
5077
3878
8499
9104
1785
8624
6074
9994
2926
8184
6129
5629
5015
9812
3691
2349
8422
9820
7795
8609
593
3538
8225
6958
3251
7107
4576
7455
5370
2639
1908
6697
7137
6253
6199
6015
7074
1352
8037
4996
511
9492
6559
2190
7903
9155
2238
4905
9499
8644
2195
4738
7455
1180
1292
5255
2922
1465
3086
1140
3937
3548
4107
1573
825
3935
1422
449
7849
2033
4171
4356
780
805
5117
8764
2190
6226
3912
1238
1021
2667
4678
4255
4283
122
5099
6685
8538
8760
3448
201
4376
7641
1905
9072
5683
1179
4575
4868
462
5063
959
9007
1567
8685
5043
5392
9701
3073
4979
1646
4431
6664
8600
98
6792
8797
1009
4284
9351
6000
4756
2084
5860
7231
3807
2329
1938
9492
3340
9811
2583
3232
4331
1039
2803
5470
1939
9760
272
9654
2742
9698
9147
4288
7009
8050
2864
4725
3947
1064
8515
6303
237
6082
8091
3766
7742
7158
2696
286
868
6007
6128
6047
7636
816
6269
374
5871
7372
7193
7084
9691
3753
8852
3320
8605
4002
1698
1223
3467
8425
9318
1923
6816
3383
3565
9639
4237
783
4700
6924
6282
1866
6862
8152
8712
6286
395
3835
9467
4651
8451
5920
9449
1489
6167
4808
9011
1545
6199
3876
4199
7219
4070
3676
5101
6008
2963
1670
7573
1576
4393
1256
5233
772
3999
2580
245
6102
6332
331
6839
477
6508
582
2964
6162
6255
1393
10
9321
6006
2558
9459
2088
2244
3116
5207
1043
16
5172
2025
265
9532
3334
4581
1718
6080
3127
4545
699
8668
8554