1470
186
616
531
1015
1122
158
539
1345
1298
1424
411
1393
842
1643
1743
978
238
1828
1660
808
1712
1842
1254
867
1802
747
1380
1196
820
231
315
590
54
1447
1723
1726
468
550
766
1412
1441
439
1023
1928
521
1039
1767
749
45
1032
1817
1649
1724
126
1424
1998
760
1352
482
1748
1360
966
1749
706
722
1604
1115
39
1857
1089
1288
966
1001
657
1907
1826
262
306
1382
815
188
48
1115
1067
1484
1268
518
1616
862
73
56
1908
220
679
207
735
1076
1566
967
308
1496
1191
1099
550
1035
340
742
1058
1215
577
714
238
1397
147
539
1703
1883
1879
1178
1704
970
429
227
720
1754
740
1218
1313
1722
79
1035
242
610
1500
1945
284
222
1399
225
1120
1436
1230
626
1698
145
1462
431
1977
207
100
1148
1131
1574
268
224
1738
1209
1062
387
1663
1833
1287
1653
491
1549
811
1746
455
1689
1697
286
1723
1008
1575
78
1055
1019
579
604
411
1913
1530
588
1266
290
1634
1265
481
420
1867
33
1610
1043
1521
1474
1424
1336
273
275
24
1091
123
950
1147
1112
640
1142
321
1086
177
1198
1382
485
528
66
15
1476
570
1902
1954
961
1898
339
1134
1186
291
564
368
1516
83
1906
1223
1467
1439
962
1716
594
602
501
740
324
474
803
323
1273
632
1532
345
88