536
543
98
852
981
284
273
357
467
967
711
247
1041
1014
985
1269
1381
1318
233
295
948
722
1348
1063
1422
1401
538
534
1116
975
418
451
586
54
1191
1083
1024
1011
680
319
817
199
254
1362
958
1099
758
685
986
231
1209
30
618
221
1049
450
379
1022
905
432
1459
717
342
833
191
1148
896
1369
283
905
159
1126
939
1434
437
36
928
92
143
76
224
338
1422
33
256
403
705
1368
384
369
1205
38
145
1121
740
898
583
863
1207
1036
466
0
885
478
600
295
1145
530
1269
1497
1137
698
1305
597
1349
1026
985
1498
998
669
1270
9
851
1121
617
770
1086
1064
1334
1259
484
11
289
146
151
1071
1309
1414
1334
427
1414
989
1272
264
945
1315
1493
737
1049
338
455
810
1386
924
284
488
206
1115
587
856
1202
394
299
718
344
788
356
851
1494
604
628
772
1371
877
873
99
818
30
1418
637
36
1252
666
523
79
710
741
88
1014
938
472
250
1029
700
653
427
361
351
535
1012
270
948
987
570
995
1387
887
369
885
256
234
237
1073
1066
172
1148
577
1424
1456
1198
134
1320
654
1078
1064
1415
264
1154
96
82
891
1260
1328
989
358
629
836
828
1218
715
553
632
694
1052
1479
1167
1063
1052
35
715
1462
1336
923
197
153
737
1218
13
206
203
101
730
262
206
502
704
272
540
633
1470
1238
826
1225
161
817
689
1397
523
37
195
136
297
375
1218
848
1347
706
129
359
717
1053
448
626
1105
1097
1209
267
1318
392
890