4713
5871
6222
8232
3496
1712
4477
2688
719
7154
387
2511
6797
7705
3689
5200
9278
3673
432
677
6542
4111
2447
5459
4168
8769
6193
3751
4039
2842
8122
5043
5481
9010
281
1874
9032
1086
7058
1544
9662
7234
2627
4158
7074
3520
9757
9530
8675
5597
5918
7799
2857
8267
675
2960
5064
2465
5219
746
4398
6582
5283
8365
3080
3976
6439
2911
4949
2643
3699
6006
3920
2156
7796
6035
2794
7221
8256
3510
700
8596
3701
2225
3520
6061
5430
8472
4947
2747
4503
7814
5285
6391
3647
8036
1061
3
9733
6368
1339
6331
6533
5348
6094
1550
2111
1822
2488
8503
9928
2685
7141
3300
7015
7054
8848
5180
7745
9427
5150
1037
8518
2052
1990
6020
3386
4302
4737
2442
6396
5592
8693
5237
6432
7024
2959
8173
1652
8082
7038
8143
7722
4844
4982
4957
1652
6688
1847
6694
695
5781
7719
4364
1053
3208
3102
1537
8190
9068
1353
6809
3238
251
7278
7881
6672
4453
5525
3381
9863
6139
7155
3581
5335
7291
2911
1583
489
6578
8428
3328
9898
9851
2901
6617
700
7475
7393
9891
5463
1083
6992
8413
6194
8954
4736
5778
657
9484