14310
27
9901
6948
12308
19826
8635
19705
5789
28391
4317
12042
5612
2863
18875
29393
21674
20822
4998
2351
856
103
19264
24325
29313
21730
22350
20714
21985
25744
4438
10548
11014
27486
24804
6621
24620
19016
10312
8336
15922
4760
10901
27966
6824
23131
11846
15431
12901
27404
316
14788
18154
3390
9755
6924
22292
6870
24132
20404
20904
7542
503
6531
23413
21573
22205
17731
28264
5960
22706
7616
22482
765
8680
17194
24585
2670
22174
12722
24627
231
8936
17473
22904
19625
17670
23655
14574
13578
26083
9296
17641
20345
15146
5309
16800
108
10460
27726