22
2
11
20
-10
23
2
11
2
3
-12
-12
22
-18
26
-17
20
-6
7
-14
-19
17
18
25
-19
4
-3
23
-19
14
-8
-12
-10
-15
-14
14
-18
28
1
0
-13
-16
16
-17
26
17
19
-11
-10
3
4
8
27
-16
29
-8
3
25
-16
20
1
14
-14
24
-9
-20
15
22
7
0
-4
-6
-4
9
0
-6
14
-12
-2
-5
-14
3
24
10
-9
-6
-1
-14
10
5
-13
3
5
7
1
12
22
-9
25
8
-19
-20
-8
21
-9
-2
-6
-18
0
-14
29
-1
28
-7
2
-16
-5
-13
-9
-14
5
0
9
-3
-2
-13
-14
-20
17
19
-11
-14
-17
-16
-19
1
25
20
-12
15
24
10
-19
-6
18
16
-3
-18
4
21
-3
4
19
-20
4
5
24
-17
-7
27
14
-9
-7
11
22
30
-16
-19
-3
23
13