-814
-1952
795
1183
-7583
9692
7965
8824
-1598
-6107
6726
1595
4855
-1697
4621
-6763
-7359
-9744
7209
1715
6707
2383
-7666
-7093
-2025
-7671
6983
765
718
5487
2327
2459
-6889
215
495
-8980
-8786
-6380
-8274
9057
-9664
-3281
-4064
-1391
7801
2227
-8474
9964
-2110
-3590
8096
2019
-5014
-8780
6740
8252
9251
5546
-4089
4980
8986
3686
814
-8498
-4296
-2139
-5
-6150
8339
9313
8679
-4477
-4779
6398
6245
4874
9839
3871
-8895
-8747
-9065
4600
965
5277
-9334
-389
-5563
-6998
-4694
2765
-5174
6732
-8645
280
-1920
-5963
-5646
6263
-1462
-3259
4906
-7236
2465
-7096
8977
6517
9041
9601
9639
-4780
-7775
-3914
-4144
9612
6537
8290
-7220
8105
2576
-1105
3727
4251
9526
8906
8509
42
2650
7349
8288
-9397
1508
-9902
-5989
-3063
-3264
-9234
5489
-9736
5213
-8212
5878
3118
2643
4254
-7509
-2670
-6214
2337
-385
-1883