17732
15869
12252
4370
11362
26747
25700
19176
14911
9940
28263
4898
3438
23642
28214
10386
2925
19081
19166
26062
412
14741
9238
23794
25706
27101
3647
6652
15722
21106
25024
27204
25922
21294
10277
28719
11203
1589
3546
27017
19215
11266
25779
25933
26977
11776
2271
5080
20572
9467
3796
14944
7807
24278
23267
3571
27748
27731
24030
16787
15422
3734
23449
7570
23651
20569
7968
19346
9533
10343
8877
3061
25526
13705
16396
18115
9888
1798
9410
16904
18317
19237
12847
25631
25749
15939
9349
18759
16489
19677
4325
29935
22071
10518
9584
933
23963
17832
17261
1521
24246
13267
8014
13769
12743
10565
6143
26421
28278
9179
9625
9855
28451
24817
610
19846
9001
16577
27700
9555
9970
12672
25263
27511
21802
21124
16191
4091
13863
14588
12372
3348
10202
10383
8541
22928
25184
20226
17722
23711
87
14943
28564
10647
24876
22823
15732
26435
3819
14973
19836
15311
10412
23794
29346
24198
8196
1415
13721
25261
17797
17634
14636
11234
4930
20130
22295
11237
17120
24273
12205
12573
6283
27927
26414
21519
4262
724
8699
21399
821
20666
22679
23106
16614
11811
5561
24609
11342
25147
8354
12313
381
27023
5419
24669
28239
23093
18266
11096
18722
18611
27943
7758
16033
18068
18442
6706
13138
4983
6943
4219
25051
13624
27511
23852
24196
16539
884
25034
12187
16227
10189
22905
17500
2602
13170
26695
14870
23542
2665
9232
12489
15870
658
5145
21467
16003
6022
29878
14904
2924
10195
8998
14131
24191
6731
7509
29132
22603