2488
3479
3386
2307
3139
3028
594
143
540
913
3201
2844
3240
1013
3907
1365
2293
2778
2913
3518
2301
3649
134
2884
2706
3134
3163
1760
3094
84
1936
2847
1692
3641
2040
2093
222
596
1235
3632
826
812
705
1116
3977
3881
910
2637
2541
3414
1965
2258
1802
2106
705
38
1799
2674
2829
2684
54
1971
3143
781
2649
2255
1007
518
3174
1272
3682
3990
3404
1773
1684
1587
3286
1627
1172
3714
3562
783
3692
3828
1846
2189
2987
995
1997
2349
1182
643
1565
3683
880
2184
2699
2605
3986
3249
570
1146
3157
1547
572
3381
1716
3159
2293
2572
12
3035
2053
1392
907
561
1932
2912
978
2805
3236
442
3236
961
996
1608
1519
1954
1960
557
3829
684
2772
786
3973
787
1751
2631
1492
1008
2643
135
2169
337
1776
3963
644
2271
3800
384
1251
291
3832
1048
2545
591
3821
277
2293
1376
3129
2969
1703
2306
804
3136
2921
1724
407
2642
575
2042
13
1619
2056
2297
3311
3961
1834
998
3951
377
610
2982
2066
1630
3971
3554
2514
2687
2835
3070
234
3848
245
3108
2207
1662
2734
1821