2742
-9447
9687
2326
7176
-9007
-8325
-880
4262
6530
-7250
8787
-6243
-2092
3428
-176
6808
782
6446
8875
-7680
-9696
-7771
3152
5053
-4886
-4531
-6566
1052
6105
-5344
-4679
5291
5840
9245
7552
7497
4960
-9726
-4933
-3949
-8281
8468
-5955
-422
2785
-5607
8459
5999
-2188
-1676
8623
-3454
8107
2774
-5379
-2292
2509
-2722
-1512
243
1393
-1581
4066
6387
6705
-3374
647
1507
-5224
4286
-629
1811
-6322
-5107
-4767
7964
-2074
-2902
-473
5406
6927
-1207
3670
-4474
-5742
3832
1759
2794
-3910
-3362
-4856
-8655
-5122
7261
1659
-7283
7058
1283
6310
-7336
-7609
-4113
-9011
-7361
-9696
4063
9349
-3182
4417
7780
8730
-4203
5346
-5971
8626
-6360
-7253
1020
-6428
-5986
-8296
6753
-2850
7006
-6985
5897
-6100
-4613
8377
-7761
3746
8065
5783
-6296
9829
9488
8822
6758
-4988
2815
-8602
5776
802
8794
-8848
5288
5724
-7943
805
-1195
-2426
3697
-3567
1627
-5114
-6056
5914
-8452
-7475
1445
3837
6080
189
-6674
5281
4736
8284
-8034
-9643
-7473
-6923
3275
-7171
5771
2685
1516
-8783
989
-5631
7157