410
548
903
389
896
806
397
542
627
265
597
865
228
628
434
82
519
225
100
87
616
752
960
488
360
996
833
736
156
914
336
36
481
68
191
303
778
501
747
251
335
913
678
584
338
180
144
579
289
665
660
554
69
767
321
669
912
455
557
516
431
803
441
400
559
1000
212
127
633
676
511
115
1000
467
179
960
274
848
501
61
410
162
228
895
769
865
820
549
388
409
142
506
313
932
516
169
685
172
507
567
262
65
810
140
684
779
71
926
946
212
307
683
337
956
790
317
688
576
506
385
209
40
906
247
48
329
369
204
192
831
493
107
338
285
994
135
282
817
688
504
839
829
425
495
965
882
277
391
246
559
42
302
108
316
804
212
917
512
396
366
786
529
475
903
337
544
244
233
871
617
218
532
618
739
13
997
759
509
972
173
90
888
800
456
333
221
143
175
987
774
28
341
474
13
553
425
470
984
306
99
138
559
122
798
526
682
621
364
370
988
489
773
191
322
483
727
620
150
484
957
128
388
229
415
778
388
474
676
76
741
855
56
368
441
182
763
401
355
175
418
12
681
353
955
572
616
52
665
119
959
845
630
957
315
931
239
153
847
627
550
302
628
949
766
900
755
461
899
521
501
4
803
769
808
104
161
405
716
293
585
143
106
624
409
987
22
758
59
93
326
381
470
555
941
566
209
345
828
99
627