505
334
784
619
994
163
722
580
63
834
20
416
851
499
431
373
191
761
971
493
698
278
77
621
534
495
686
370
526
609
937
558
606
560
962
220
848
936
234
298
764
947
26
172
971
816
434
987
266
493
881
628
88
303
234
202
932
248
663
369
392
509
912
957
844
651
777
516
27
745
857
665
420
113
596
903
908
802
140
34
351
749
797
521
900
141
197
975
898
645
861
518
674
980
281
452
268
337
439
478
352
913
889
646
703
537
27
346
426
618
0
88
814
525
280
779
492
300
115
263
118
266
187
49
395
427
765
520
527
888
311
53
712
270
320
885
2
302
76
984
288
852
176
370
649
935
116
281
322
840
909
777
362
80
280
792
778
458
952
217
330
356
411
357
879
285
952
276
355
463
912
62
934
685
183
931
945
301
724
837
286
633
401
679
435
940
922
42
251
856
112
252
663
91
658
788
105
391
581
228
206
390
303
281
773
260
264
1
685
522
837
516
614
489
19
345
82
244
483
710
484
906
742
291
155
4
255
435
437
709
32
359
15
666
592
780
897
538
402
903
255
901
942
987
523
923
488
63
4
763
369
859
271
488
937
553
783
592
545
349
176
184
828
251
178
900
881
1
769
661
306
296
953
821
506
448
568
814
517
223
105
481
398
643
720
114
180
491
381
738
244
763
442
920
390
849
195
126
350
282
671
743
101
319
44
712
115
726
582
919
383
553
312
844
7
256
867
111
260
617
459
244
247
240
556
281
904
156
712
632
88
1000
629
656
825
973
445
708
883
990
860
469
185
246
232
332
753
570
111
672
859
916
630
925
430
630
987
720
307
645
810
347
139
403
277
478
228
988
534
350
297
660
416
963
731
556
243
663
105
679
988
977
75
194
848
59
655
47
404
787
447
312
182
97
495
829
974
259
119
228
68
163
432
969
525
179
919
374
315
648
312
490
326
466
861
994
545
766
273
136
76
990
888
968
625
401
48
679
270
461
168
76
823
389
406
549
291
494
636
776
422
758
877
409
868
198
939
162
11
149
686
584
529
617
781
424
841
390
299
681
614
4
332
345
568
599
155
494
43
571
124
944
771
434
844
52
462
966
837
5
40
358
363
700
266
604
536
463
786
513
454
891
22
651
345
355
57
360
76
894
317
227
726
854
951
950
53
327
133
375
579
633
235
906
355
759
663
250
490
772
542
839
825
669
144
294
249
963
156
414
459
813
587
745
395
765
242
972
868
595
144
312
649
615
465
918
527
726
653
364
498
290
449
834
358
466
616
331
108
994
389
71
422
277
492
553
752
666
944
906
343
780
411
646
505
606
942
380
99
798
759
881
443
451
94
288
587
118
953
683
24
314
513
396
753
265
61
876
569
884