161
390
75
349
235
15
141
201
191
219
86
289
86
72
202
236
155
79
296
128
105
285
308
66
283
39
146
64
155
99
322
273
318
262
136
182
299
318
349
285
31
212
342
261
290
231
84
162
54
177
259
383
122
360
81
113
273
347
99
217
180
218
289
33
95
305
79
149
371
131
339
322
11
11
325
112
252
338
175
64
241
66
119
190
161
43
358
196
96
311
375
22
115
53
175
103
259
333
123
19
85
298
241
227
357
220
329
157
182
321
30
273
110
343
91
196
342
243
46
370
41
114
273
77
64
271
370
390
35
371
134
164
238
333
392
364
236
240
106
374
198
318
359
55
29
380
351
26
325
352
295
74
205
76
78
213
101
105
201
381
283
382
298
74
175
224
179
69
208
174
132
319
133
296
86
372
258
383
320
223
16
128
117
256
308
280
231
309
214
340
105
150
304
213
380
257
367
370
389
188