215
214
370
329
132
149
242
309
483
38
673
529
160
599
410
208
452
144
220
360
118
48
621
322
218
394
175
147
164
119
304
326
199
617
359
626
433
576
162
145
543
631
166
391
275
421
205
37
570
677
532
38
561
439
112
573
530
637
110
572
500
231
75
693
34
310
78
65
454
385
467
514
220
676
366
422
191
84
192
313
213
517
333
397
74
296
640
315
79
142
273
70
500
35
602
382
690
335
165
201
138
230
657
687
101
106
260
301
358
15
674
66
205
362
52
639
283
378
242
69
79
108
345
573
23
459
652
602
229
291
362
244
400
361
98
332
331
667
690
140
62
371
23
67
608
607
156
490
95
605