1936
-7070
-3030
2549
1568
982
8724
-4345
-8717
1427
-3533
2615
6012
9492
-8763
-9097
-960
-7553
3294
125
-4937
-9276
-3889
7913
-1529
1203
-730
1203
4283
507
1231
857
17
7496
1469
-8721
-5485
-7434
-9055
3112
-4505
9479
7115
-369
6103
5036
3257
6079
5220
-1186
-1895
-6788
8171
-4298
9829
9244
-1520
-7863
6273
-9425
3833
-9203
3374
20
6315
-1073
5846
2687
2960
-2361
-214
-7860
-5471
-3256
-1049
5664
4633
781
310
9233
-2194
-9301
-3412
3094
-4059
197
-3861
4651
8755
4776
-1526
-9749
-7705
-1412
-8675
325
-157
138
-9726
-1210
2695
6837
6766
4975
-2615
3138
-3647
-5433
-6346
-7951
7072
-9627
-4682
-3685
4254
-5326
2030
4608
-8677
9048
-1524
-6165
-1406
9988
6097
-6539
8323
-143
-911
-5731
-5237
-6897
9741
6189
9721
7555
2714
7366
2215
558
-5251
-9446
5219
9222
-9748
-7209
-4721
2126
1833
-5088
-2070
-6814
1135
4597
9901
-5975
-2349
-8543
-7672
-2060
875
9387
-3604
9757
1852
-684
-345
-5358
-7412
5278
-3094
7043
-9957
7887
-2750
7133
-7409
1212
-3725
-1401
249
2160
567
-31
3697
8580
3132
9204
3264
-668
-9427
9732
-4843
8494
-8940
8077
1525
-6249
2678
-5518