-8708
-4521
-619
-3225
8245
-6029
8876
9727
-7320
6433
-8824
6913
1248
-532
-3997
9351
3239
-2722
7606
-4873
-9792
-9104
1419
-2818
-3540
-5739
8942
-207
-1966
5744
-8200
-1178
-2701
-3541
9326
6013
4549
8555
-3881
-1681
-6149
3492
2146
9414
-9685
7986
3190
-1576
-4734
-6142
-7506
4557
-3682
-6258
-560
-8459
5527
6962
-4058
9282
2525
-4064
-659
8043
9902
8922
5151
-7324
1869
2842
-8342
-82
4809
-153
-7261
-4758
-1274
5716
4731
2857
5390
-622
593
-9354
9967
4192
-1010
2330
-4686
2468
5914
3170
-5468
-6758
-2520
2387
-5557
-8965
-7604
-6793
-2988
-8630
9949
9431
3129