8325
11518
23744
6334
13821
15714
20704
7402
3512
11156
21166
17151
19913
18304
14812
18393
29430
13518
17812
15071
22164
26411
18470
8863
12381
29523
9586
28095
13330
27781
9053
2654
13043
28860
11960
9233
25493
14106
25883
7701
17354
20953
15678
24652
20070
15959
17545
11674
27768
27686
22973
19183
12240
8555
15667
4292
19811
3357
8800
22351
12943
12494
21902
22143
27243
26401
22516
21579
2386
10831
6124
1837
13396
11797
28887
21512
19258
3450
1582
5178
13529
10835
13890
12695
3152
19276
26015
26292
14958
20755
1791
26888
28619
6517
21417
7611
29336
4825
4468
3028