27782
5005
5114
4366
22123
17294
26164
27404
4826
6843
16653
19473
11683
12134
15788
9812
1284
10150
8602
18484
19462
3748
28485
24328
5734
16927
11407
24283
6450
28697
1479
25868
2214
3929
6490
5632
23629
23078
29878
5032
6259
20984
13490
14203
3673
18547
25765
10564
15010
19113
17958
6388
13666
12840
3216
5568
22277
10442
7555
29077
12920
1167
4992
17834
25714
13815
7581
15599
22900
23214
9836
16314
23032
7381
9234
3326
1062
5633
16467
29767
25154
26603
7740
26060
21191
11171
19680
8719
8813
7328
22169
27415
23421
6987
5786
26711
18424
701
15611
23628
12589
14174
14583
25861
22832
4321
14411
21242
21737
27778
26404
319
12735
14427
4797
3235
19427
11316
14360
1986
15803
15044
7368
8689
17046
20550
2204
23897
23723
1118
13109
19408
2994
11886
9114
12606
26715
14393
29525
7715
18881
28611
20245
24542
12975
20391
15177
5864
6638
28701
17802
4116
19234
3722
24536
28116
25032
11333
5135
16994
7180
25710
716
20861
5326
25987
11380
14560
2953
5520
29744
3101
22120
29716
17521
8740
4049
7108
13523
2682
3055
5631
2770
29511
24348
26614
12012
5659
15972
19613
18534
4237
4681
11328
6881
27875
15025
15945
3004
10144
12006
20658
27090
3355
27065
20847
27190
18182
25897
28547
3491
28274
8885
3874
11738
14071
16861
9931
20321
13333
1524
191
10218
20737
20855
10219
4046
20548
6044
6738
560
3840
10142
23789
17804
13344
29705
9125
12492
8499
26244
29792
29487
1875
1389
8228
12515
23275
25846
17668
10975
9910
2294
24679
6120
17875
21788
18080
3308
19564
317
10927
26428
13742
13622
20180
12965
4364
17852
11867
7976
8465
8482
18911
20128
1724
21577
21660
4002
1851
6586
13931
28877
25573
16274
27489
17205
15196
8669
18267
12499
16125
5535
20783
9961
3004
1982
28019
796
3787
23921
1929
29248
8292
9107
14208
2206
13078
15796
11784
424
27440
16547
14737
6681
13731
29639
25020
13567
15899
17424
8483
17476
2745
8430
25200
19236
27933
7993
7656
23091
21032
5585
14093
10338
22027
3388
27960
10589
3646
18959
12656
20701
26633
14573
13599
6532
27022
16695
28965
5448
1891
6281
21033
12158
20825
8355
12270
11774
21068
5185
12969
24704
2469
14893
8024
16806
19574
13927
24837
11072
4432
11630
7675
1966
21490
29521
7446
6199
9849
25738
11577
26455
8181
23235
16815
12449
18314
5937
29906
22830
23350
3196
517
18016
8653
9914
16976
23084
337