854
240
582
940
215
698
456
945
854
952
612
990
372
855
536
982
354
883
359
832
626
602
148
980
864
259
765
72
494
765
926
143
627
12
444
459
448
594
374
965
230
846
515
562
243
943
746
52
259
406
112
869
758
981
869
143
775
150
469
925
113
965
347
463
565
51
476
261
900
696
105
497
764
241
623
87
848
735
500
588
623
29
711
629
758
620
91
237
356
533
702
438
33
459
535
968
635
219
794
97
121
112
781
158
601
445
160
227
131
316
821
771
127
418
640
180
893
665
190
587
990
724
85
195
831
335
933
609
379
571
799
82
418
91
42
590
582
905
386
458
723
235
456
670
641
601
463
131
253
271
700
765
841
656
751
857
506
353
475
238
568
369
515
378
382
511
621
8
263
100
657
508
999
719
311
216
902
760
170
110
319
962
169
259
710
793
714
660
981
830
415
725
243
423
134
468
862
559
720
878
275
639
375
710
340
116
338
428
58
588
539
187
122
273
281
418
226
121
880
118
263
4
52
86
332
943
863
581
930
981
790
976
50
592
63
9
60
635
249
220
91
380
826
466
42
201
963
415
7
190
148
517
599
666
742
88
670
657
65
236
792
511
30
34
930
159
968
260
837
124
19
953
190
240
626
530
656
434
160
904
947
43
91
733
579
550
441
80
85
35
56
341
597
60
51
449
316
361
870
222
374
381
336
727
88
832
876
988
992
743
324
458
453
432
272
750
232
215
69
902
407
884
706
735
552
23
724
187
700
332
770
816
678
727
439
409
244
792
482
697
50
189
829
877
527
237
416
317
330
910
732
894
248
758
952
144
823
988
750
284
996
634
371
117
37
830
720
341
51
531
728
42
912
707
793
509
625
790
479
924
117
85
821
486
420
77
391
239
61
496
597
786
569
305
109
742
433
116
682
648
421
522
522
890
746
211
370
323
422
276
187
35
494
749
773
463
236
611
40
515
655
170
127
867
787
647
271
299
913
471
199
816
751
86
902
616
939
619
463
725
127
554
107
342
339
386
227
793
754
921