3387
6137
5935
1548
3326
5126
829
683
876
5747
8776
2028
7733
5607
879
8117
2034
6208
1244
7665
9421
3740
6113
5928
1747
5218
3690
6034
6189
3310
1276
1898
8026
9940
296
4450
951
8708
9716
562
8745
3598
1925
2036
3195
236
8249
5324
8146
588
1074
6776
7407
603
3560
1058
2596
6395
8635
7603
8320
4062
7736
5430
6564
5763
6619
9875
6394
3789
4683
8333
8165
7533
5943
8858
7748
1076
2543
2133
9071
4707
3651
4877
6725
6060
6284
1069
8856
4269
5954
7912
6142
8659
3457
7372
3076
3043
1732
8532
7526
2310
8759
8625
9440