8307
5064
6330
3673
1246
5318
2491
9171
9847
1741
7241
8417
5816
411
2467
5894
4810
6537
6214
1705
1608
8534
3066
3531
5681
8045
1343
6107
4185
556
7459
196
7120
5454
9860
1498
8632
2174
2968
3540
5001
5463
2293
9491
9724
9408
6341
2742
1227
7541
7708
4026
2663
2195
1165
5782
4111
5845
577
7661
5570
318
7559
9083
6186
758
4284
3122
6158
6233
8214
9708
2294
1490
3827
5464
7517
4172
7865
9470
2868
1150
2144
7418
2495
896
1378
7401
4623
8886
9259
2159
2475
2203
8432
8291
8030
6274
2239
4992
6766
6211
8907
867
4219
6585
5827
7266
7177
493
4690
599
2448
7815
5848
1849
4349
1422
6632
1368
9613
1353
7380
2242
2187
9382
8195
9689
4714
5691
4300
9021
5812
229
7356
9296
9494
3987
4903
5679
2517
8723
8457
819
9752
8441
1880
7481
3417
9468
7824
4651
7646
4691
1328
1357
7668
9432
822
8341
7440
4213
7850
7269
1129
1853
4423
6773
1145
9711
1343
5863
3694
8887
4841
8582
5626
7995
2677
6727
1135