8157
7654
2502
6726
7483
5237
3957
6943
8203
3241
5411
3545
4361
556
875
9918
8619
4771
5783
3032
9894
4986
9505
7047
3253
8660
6251
1482
1712
5274
474
3240
3512
4375
9285
4906
6353
3638
7640
1509
3607
8841
7843
7469
3890
9088
3432
1077
9359
2646
8895
6301
1758
4641
6415
9597
7153
4540
8432
6604
1030
4404
1994
5214
1951
4064
5950
6153
1637
7443
2594
3045
8201
3101
65
6086
9817
8501
6060
2429
1004
6415
9820
9254
6605
6988
5296
2692
5617
3006
1005
8828
3103
4896
6402
6853
2897
5367
8447
1767
9648
720
6136
2346
745
237
7505
5251
710
2866
7073
9388
4653
4614
5446
7341
7484
9434
9106
1043
3508
4114
7652
6395
6917
2543
6281
8693
7580
8593
603
6409
9083
5905
3473
657
8521
1279
8167
374
9770
6944
3434
6502
4149
6621
5617
8948
4093
2202