174
58
445
432
80
155
376
213
423
292
449
62
389
228
376
70
107
62
179
339
16
324
115
459
208
327
362
42
86
30
405
185
256
383
498
456
64
140
345
356
489
176
324
500
377
65
402
202
77
330
212
91
158
242
81
470
3
22
233
422
112
232
432
364
82
47
120
141
440
477
159
293
184
370
48
298
326
141
8
352
31
207
294
72
438
80
469
13
396
418
88
142
344
254
300
440
217
165
242
404
127
356
176
139
480
226
258
417
69
310
78
480
398
223
190
125
118
192
385
16
151
18
437
180
338
125
264
79
218
57
329
101
56
169
269
404
29
174
51
301
161
74
95
224
442
16
333
30
470
452
15
11
253
353
272
74
467
70
460
462
324
375
495
299
423
0
380
277
490
211
151
132
59
163
335
112
286
322
121
428
80
106
162
391
277
2
471
400
450
455
169
152
367
1
100
8
297
28
471
462
388
13
304
176
106
474
113
163
265
115
156
63
217
284
482
270
423
251
218
155
352
259
320
418
493
356
122
68
175
455
399
199
181
396
118
12
219
4
430
496
32
263
234
259
218
91
128
147
466
47
455
256
100
5
241
85
400
150
254
236
277
60
108
383
477
79
233
283
331
26
400
209
362
241
302
3
373
31
324
163
473
10
173
426
361
371
283
98
1
437
448
37
94
231
199
294
272
275
396
91