8885
2689
6606
8651
1608
9281
2776
8198
5240
7072
1591
4799
5498
3738
6389
4430
6290
1311
9616
7298
6351
2492
4491
7987
9457
2264
195
6115
6659
5721
621
921
5688
6849
4166
1602
3896
2858
5384
282
6775
419
8420
3457
8001
9342
2807
5931
1386
9354
6247
5351
8709
1149
1844
4671
8822
9981
8505
4503
5429
3203
7410
2813
3211
4615
8384
7048
3501
4617
1921
6880
4783
785
3142
269
9706
9876
8324
268
3221
3344
9359
4940
7553
2310
8631
1407
5394
8560
5750
818
1082
1806
4371
3639
5714
9843
2624
6337
1148
750
9167
5440
1647
7525
4596
4464
3993
7396
9422
9965
5744
1906
965
850
1996
6383
3556
5391
9953
7918
8562
7015
132
6112
5273
3742
7713
7637
9221
7432
4618
7330
8433
2123
6642
8166
6982
9336
5952
2272
3613
5561
4625
3127
2452
7017
6892
8246
1522
4060
1768
9588
1603
6148
4553
5930
2328
8028
600
7453
8685
4776
8755
4153
4306
945
7272
8600
7295
2933
3767
2707
540